28	0.75452	0.01917
29	0.83381	0.01473
30	0.82341	0.01686
31	0.72410	0.01237
32	0.79879	0.01788
33	0.80233	0.01484
34	0.85976	0.01927
35	0.79508	0.01313
36	0.82624	0.01491
37	0.76825	0.01744
38	0.76576	0.01199
39	0.79335	0.01575
40	0.80837	0.02774
41	0.82161	0.01540
42	0.79106	0.01205
43	0.60683	0.01231
44	0.79730	0.04042
45	0.77403	0.02044
46	0.79079	0.01542
47	0.80563	0.01467
48	0.77327	0.01791
49	0.81526	0.02624
50	0.80401	0.01162
51	0.80887	0.02439
52	0.58439	0.02262
53	0.72759	0.01584
54	0.81175	0.01780
55	0.82031	0.02074
56	0.72505	0.01973
57	0.76854	0.03448
58	0.82315	0.01807
59	0.79348	0.01655
60	0.79810	0.01837
61	0.79039	0.03251
63	0.74922	0.02324
64	0.78483	0.01540
65	0.72354	0.01660
66	0.82928	0.03044
68	0.77402	0.01704
69	0.83571	0.03082
71	0.85391	0.02362
72	0.82214	0.02010
73	0.85186	0.02385
74	0.82590	0.02537
75	0.80528	0.02448
76	0.88778	0.02841
78	0.77967	0.01710
79	0.85770	0.01299
80	0.75181	0.01468
81	0.83867	0.01998
82	0.81577	0.01830
83	0.78726	0.01523
84	0.77724	0.01696
85	0.82839	0.01134
86	0.83645	0.01214
87	0.77046	0.01229
88	0.69491	0.02260
89	0.80845	0.01441
90	0.76383	0.01679
91	0.75814	0.01837
92	0.77279	0.01838
93	0.82819	0.01653
94	0.75700	0.01675
95	0.77601	0.02809
96	0.74854	0.01653
97	0.79622	0.01554
98	0.75510	0.01551
99	0.73867	0.01730
100	0.78388	0.03432
101	0.78676	0.01703
102	0.72038	0.01364
103	0.78255	0.02850
105	0.75141	0.02221
106	0.72219	0.01572
108	0.76691	0.02803
109	0.76741	0.02318
110	0.77418	0.01512
111	0.84595	0.01972
112	0.79671	0.01776
113	0.80007	0.01260
114	0.71220	0.02331
115	0.80943	0.01877
116	0.71788	0.01057
117	0.77651	0.01506
118	0.78819	0.02015
119	0.76518	0.01812
120	0.84773	0.02157
121	0.80523	0.01943
122	0.83679	0.02358
124	0.75653	0.01416
125	0.75569	0.01376
126	0.85706	0.02084
127	0.81207	0.01811
128	0.83792	0.02709
129	0.79952	0.03259
131	0.88577	0.02793
132	0.81070	0.02986
134	0.79617	0.01577
135	0.76129	0.01346
136	0.80034	0.01290
137	0.78170	0.01875
138	0.82954	0.01763
139	0.90000	0.03022
140	0.74945	0.01533
141	0.81951	0.01345
142	0.79089	0.01820
143	0.77019	0.01357
144	0.75211	0.01517
146	0.79447	0.02330
147	0.83654	0.01917
148	0.78915	0.01801
149	0.79943	0.01903
150	0.79065	0.01551
151	0.79570	0.01605
152	0.75469	0.01221
153	0.80162	0.01727
154	0.77811	0.01345
155	0.83070	0.01587
156	0.76531	0.01687
157	0.77522	0.01277
158	0.77575	0.02142
159	0.79440	0.02024
160	0.86919	0.02930
161	0.77323	0.02004
162	0.90540	0.03278
163	0.76112	0.03932
164	0.80715	0.04486
165	0.85570	0.03330
168	0.78334	0.01784
169	0.76382	0.01644
170	0.75989	0.00889
171	0.77805	0.01623
172	0.79075	0.01887
173	0.74274	0.01936
175	0.67793	0.02210
176	0.72328	0.00977
177	0.74492	0.01354
178	0.78090	0.01279
179	0.79105	0.03231
180	0.83779	0.02005
181	0.71637	0.01858
182	0.77739	0.01943
184	0.78208	0.02037
185	0.75159	0.01541
186	0.77387	0.02009
187	0.79995	0.01620
188	0.81141	0.01644
189	0.80257	0.01558
190	0.73645	0.01817
191	0.82015	0.01597
192	0.83564	0.01320
193	0.75629	0.01655
194	0.77633	0.01866
195	0.75691	0.01725
196	0.79295	0.01145
197	0.62773	0.01884
198	0.41216	0.00743
199	0.72177	0.01552
200	0.72677	0.01764
201	0.77097	0.01681
202	0.75250	0.01254
203	0.83914	0.01644
204	0.81316	0.01111
205	0.80423	0.01735
206	0.80127	0.01349
207	0.82987	0.01810
208	0.83039	0.01779
209	0.78354	0.01643
210	0.85385	0.01462
211	0.88638	0.03003
212	0.77669	0.02623
213	0.85645	0.01388
214	0.78279	0.02275
215	0.73379	0.04095
216	0.66613	0.03084
217	0.78312	0.01853
218	0.88722	0.03367
220	0.63489	0.01819
221	0.65918	0.03297
222	0.77242	0.03992
223	0.75224	0.01094
224	0.68700	0.01668
225	0.76073	0.01888
227	0.75989	0.01181
228	0.73001	0.02413
229	0.71011	0.01098
230	0.77321	0.02988
231	0.85622	0.01651
232	0.77276	0.03038
233	0.79201	0.01842
234	0.80713	0.02544
236	0.88998	0.02840
238	0.75925	0.01679
239	0.66437	0.01828
240	0.81231	0.01744
241	0.76482	0.01903
242	0.83063	0.01478
243	0.78493	0.01224
244	0.76587	0.01813
245	0.80946	0.02793
246	0.82282	0.02798
247	0.78305	0.01487
248	0.75430	0.01980
249	0.85693	0.02808
250	0.84084	0.02299
252	0.71842	0.01917
253	0.75953	0.02937
254	0.72987	0.01639
256	0.76436	0.02572
257	0.82848	0.02750
258	0.74720	0.03271
259	0.80262	0.03421
260	0.72859	0.02026
261	0.80295	0.01563
262	0.76331	0.02579
263	0.74627	0.01764
264	0.76506	0.01243
265	0.81900	0.03227
266	0.76693	0.01563
267	0.75428	0.02263
268	0.80304	0.01474
269	0.71711	0.01812
271	0.82436	0.01624
272	0.80452	0.00970
273	0.79868	0.01670
274	0.80383	0.01597
275	0.77932	0.01453
276	0.88343	0.02200
277	0.75290	0.01773
278	0.76913	0.02177
279	0.85846	0.02283
280	0.77901	0.01865
