28	0.85267	0.00670
29	0.85047	0.00490
30	0.82847	0.00511
31	0.79918	0.00404
32	0.78467	0.00428
33	0.76057	0.00484
34	0.73433	0.00412
35	0.75913	0.00364
36	0.74899	0.00404
37	0.73633	0.00403
38	0.74203	0.00352
39	0.73525	0.00421
40	0.71813	0.00598
41	0.74974	0.00421
42	0.73310	0.00276
43	0.71153	0.00348
44	0.66815	0.01112
45	0.70422	0.00654
46	0.76749	0.00717
47	0.76802	0.00483
48	0.76207	0.00728
49	0.77752	0.00785
50	0.80090	0.00424
51	0.79081	0.00786
52	0.85769	0.00683
53	0.90906	0.00700
54	0.87436	0.00569
55	0.82101	0.00409
56	0.73981	0.00434
57	0.73445	0.01321
58	0.70633	0.00487
59	0.74025	0.00407
60	0.69774	0.00722
61	0.70055	0.00893
63	0.68372	0.00527
64	0.77448	0.00475
65	0.73111	0.00533
66	0.74300	0.00767
68	0.81708	0.00992
69	0.89368	0.01282
71	0.85564	0.00701
72	0.84425	0.00745
73	0.81031	0.00776
74	0.73634	0.00667
75	0.74345	0.00794
76	0.72116	0.00746
78	0.72484	0.00495
79	0.76057	0.00380
80	0.70211	0.00442
81	0.70545	0.00591
82	0.74752	0.00462
83	0.75242	0.00535
84	0.69260	0.00544
85	0.74747	0.00326
86	0.71177	0.00286
87	0.68918	0.00341
88	0.66710	0.00506
89	0.67937	0.00291
90	0.69920	0.00658
91	0.71632	0.00569
92	0.85853	0.00683
93	0.76480	0.00426
94	0.73564	0.00651
95	0.74865	0.00844
96	0.72703	0.00470
97	0.73615	0.00413
98	0.72240	0.00582
99	0.77337	0.00505
100	0.87187	0.01017
101	0.72920	0.00409
102	0.66970	0.00420
103	0.67452	0.00791
105	0.73781	0.00554
106	0.68158	0.00467
108	0.71961	0.00596
109	0.66135	0.00868
110	0.70148	0.00390
111	0.72021	0.00478
112	0.70906	0.00499
113	0.82980	0.00397
114	0.85460	0.00960
115	0.85124	0.00518
116	0.87267	0.00459
117	0.76199	0.00409
118	0.76284	0.00649
119	0.70708	0.00693
120	0.74373	0.00562
121	0.70712	0.00662
122	0.72258	0.00613
124	0.70985	0.00388
125	0.72337	0.00472
126	0.72500	0.00392
127	0.70417	0.00515
128	0.74671	0.00733
129	0.72809	0.00652
131	0.78331	0.00715
132	0.79724	0.00896
134	0.78072	0.00543
135	0.73689	0.00403
136	0.75982	0.00422
137	0.74106	0.00608
138	0.73088	0.00557
139	0.75063	0.00603
140	0.74526	0.00379
141	0.80944	0.00433
142	0.75817	0.00588
143	0.77231	0.00468
144	0.77239	0.00506
146	0.80045	0.00581
147	0.73086	0.00451
148	0.76341	0.00510
149	0.69950	0.00562
150	0.71995	0.00437
151	0.71433	0.00449
152	0.73745	0.00532
153	0.76102	0.00494
154	0.76290	0.00390
155	0.74688	0.00370
156	0.77522	0.00497
157	0.75264	0.00452
158	0.82820	0.00774
159	0.80286	0.00649
160	0.78612	0.00799
161	0.78556	0.00855
162	0.73480	0.00881
163	0.73614	0.02088
164	0.68767	0.01123
165	0.72604	0.00674
168	0.77094	0.00463
169	0.74514	0.00623
170	0.78601	0.00312
171	0.77251	0.00466
172	0.83386	0.00817
173	0.80234	0.00653
175	0.82010	0.00754
176	0.81011	0.00340
177	0.88831	0.00737
178	0.87261	0.00644
179	0.77660	0.01052
180	0.79794	0.00497
181	0.77718	0.00726
182	0.68084	0.00478
184	0.75260	0.00510
185	0.71457	0.00395
186	0.70335	0.00540
187	0.73794	0.00410
188	0.75595	0.00435
189	0.77150	0.00500
190	0.76348	0.00488
191	0.74495	0.00432
192	0.76901	0.00477
193	0.69979	0.00504
194	0.70923	0.00530
195	0.81588	0.00623
196	0.93549	0.00472
197	0.80559	0.00609
198	0.74913	0.00262
199	0.73663	0.00389
200	0.72100	0.00615
201	0.77910	0.00536
202	0.76834	0.00319
203	0.76398	0.00436
204	0.76200	0.00333
205	0.74234	0.00398
206	0.71929	0.00447
207	0.76196	0.00505
208	0.74282	0.00415
209	0.76255	0.00472
210	0.74796	0.00413
211	0.71378	0.00711
212	0.77127	0.00857
213	0.72991	0.00354
214	0.75837	0.00703
215	0.78693	0.02301
216	0.79436	0.01135
217	0.82545	0.00604
218	0.87489	0.01094
220	0.73857	0.00563
221	0.71933	0.01845
222	0.79401	0.01422
223	0.82567	0.00356
224	0.75090	0.00388
225	0.67637	0.00380
227	0.71271	0.00304
228	0.76653	0.01241
229	0.80478	0.00378
230	0.69957	0.00975
231	0.71742	0.00435
232	0.67651	0.00893
233	0.73986	0.00624
234	0.68667	0.00815
236	0.78769	0.00801
238	0.75549	0.00539
239	0.80839	0.00669
240	0.77448	0.00835
241	0.80067	0.00561
242	0.82830	0.00510
243	0.81325	0.00530
244	0.77288	0.00689
245	0.77485	0.00559
246	0.73340	0.00900
247	0.70649	0.00504
248	0.68321	0.00625
249	0.72320	0.00609
250	0.75997	0.00744
252	0.68234	0.00616
253	0.70375	0.00917
254	0.68312	0.00250
256	0.70354	0.01141
257	0.78875	0.00754
258	0.72688	0.00767
259	0.70361	0.00660
260	0.67488	0.00571
261	0.69381	0.00510
262	0.70793	0.00635
263	0.69430	0.00570
264	0.74463	0.00541
265	0.74802	0.00731
266	0.84606	0.00500
267	0.78148	0.00725
268	0.80074	0.00480
269	0.77427	0.00491
271	0.86829	0.00448
272	0.80471	0.00359
273	0.77576	0.00525
274	0.82321	0.00391
275	0.76301	0.00398
276	0.75505	0.00536
277	0.74167	0.00524
278	0.83606	0.00459
279	0.75037	0.00431
280	0.73739	0.00640
