28	18.36890	0.32374
29	19.84101	0.18754
30	21.51696	0.26499
31	22.64622	0.14037
32	21.14772	0.26550
33	20.93639	0.11649
34	20.52846	0.11203
35	19.34894	0.23248
36	19.34241	0.15023
37	22.58552	0.21248
38	21.34718	0.20387
39	19.19306	0.18504
40	21.63257	0.15256
41	18.74587	0.11967
42	20.13657	0.12803
43	16.91355	0.11228
44	18.26330	0.44825
45	17.51594	0.29258
46	20.81427	0.07973
47	22.53906	0.25123
48	20.04316	0.13085
49	22.86497	0.38704
50	23.28129	0.15650
51	20.16974	0.33926
52	20.75116	0.24693
53	16.87176	0.12063
54	20.50827	0.23877
55	19.99093	0.22390
56	19.33804	0.22367
57	23.37552	0.65717
58	20.55894	0.22480
59	22.94776	0.08904
60	19.12630	0.35560
61	19.68886	0.28421
63	23.58132	0.20797
64	20.90895	0.14074
65	20.88676	0.23102
66	20.92869	0.45675
68	21.57292	0.56215
69	23.09463	0.32702
71	20.28879	0.21299
72	23.60013	0.28034
73	20.78687	0.21644
74	23.52942	0.39250
75	21.78604	0.30859
76	23.33907	0.60804
78	24.98960	0.15891
79	22.18626	0.12723
80	19.36348	0.17102
81	21.12670	0.49829
82	22.72761	0.14396
83	17.84600	0.09358
84	22.49831	0.41226
85	22.53603	0.12078
86	19.46856	0.09155
87	22.05279	0.23768
88	22.52127	0.27437
89	19.90333	0.10727
90	20.03495	0.30584
91	19.60473	0.40268
92	20.19185	0.19132
93	20.93023	0.13096
94	23.69515	0.28256
95	23.16688	0.37779
96	20.60905	0.17322
97	19.83143	0.14022
98	20.52402	0.27003
99	18.47198	0.31348
100	23.74459	0.91482
101	22.26341	0.13799
102	23.14417	0.19155
103	21.02245	0.41708
105	19.35691	0.25187
106	16.80282	0.13288
108	21.74093	0.33151
109	20.13440	0.64570
110	24.94879	0.11080
111	22.60927	0.11752
112	20.64593	0.11399
113	20.36312	0.14921
114	20.54775	0.53521
115	23.86025	0.20925
116	16.71231	0.06579
117	18.99163	0.15946
118	20.05597	0.22632
119	20.12645	0.46754
120	23.21569	0.17541
121	22.65711	0.52101
122	20.91287	0.18168
124	15.84920	0.11283
125	24.91469	0.14312
126	21.75284	0.26344
127	19.88579	0.36574
128	27.92453	0.52850
129	19.04744	0.20855
131	23.13454	0.34567
132	22.97220	0.46650
134	19.40379	0.08353
135	21.65202	0.22909
136	21.75949	0.27183
137	21.04734	0.46185
138	19.42382	0.19247
139	21.47266	0.15282
140	20.22422	0.23567
141	19.41188	0.20545
142	23.80286	0.30707
143	21.19573	0.25070
144	20.55635	0.21399
146	22.90420	0.24721
147	21.13731	0.15822
148	20.88891	0.21594
149	22.69684	0.16490
150	21.01775	0.11612
151	18.53891	0.23946
152	21.91678	0.32992
153	24.61703	0.27576
154	22.13878	0.32930
155	20.89160	0.12203
156	23.08632	0.18845
157	22.60090	0.20891
158	20.51670	0.29356
159	19.04029	0.31502
160	22.20995	0.45896
161	21.69239	0.27442
162	20.93130	0.45222
163	21.19344	1.22600
164	21.48180	0.13495
165	20.05909	0.09196
168	20.02004	0.13866
169	30.72043	0.28427
170	21.69259	0.15686
171	21.57419	0.23735
172	21.33108	0.19546
173	23.71742	0.33459
175	20.41425	0.18585
176	19.86231	0.08579
177	21.82703	0.21644
178	20.34510	0.06327
179	21.63453	0.28474
180	22.11644	0.19163
181	21.65980	0.30792
182	20.16208	0.07636
184	21.78629	0.28930
185	20.07556	0.13412
186	22.88461	0.28707
187	23.64776	0.20732
188	20.32968	0.20873
189	22.09541	0.37826
190	21.00771	0.33704
191	22.20693	0.23898
192	17.41478	0.13598
193	22.72161	0.30566
194	19.33618	0.08847
195	20.64896	0.22230
196	18.55527	0.15404
197	19.21389	0.16968
198	15.51393	0.06834
199	22.04942	0.15253
200	18.85109	0.20222
201	20.20354	0.29374
202	19.91363	0.20546
203	20.04044	0.19403
204	20.59331	0.24068
205	22.97317	0.25737
206	21.37806	0.22868
207	21.14480	0.17728
208	21.53570	0.08329
209	20.39778	0.07475
210	20.21061	0.13097
211	22.30822	0.48597
212	25.18903	0.47020
213	22.04818	0.25852
214	23.58594	0.21327
215	25.11912	1.76673
216	27.71520	1.03456
217	22.52343	0.06296
218	26.76460	0.79007
220	44.03449	0.45203
221	21.66386	0.74301
222	23.88510	0.42282
223	18.07761	0.19657
224	19.26177	0.15254
225	21.64061	0.12857
227	17.90884	0.13092
228	20.39565	0.47980
229	17.77790	0.21141
230	23.21783	0.42477
231	22.23100	0.20740
232	19.98480	0.58876
233	21.94179	0.22632
234	20.90056	0.59686
236	21.71930	0.34106
238	23.24076	0.19133
239	17.18110	0.43787
240	22.36595	0.47286
241	20.05653	0.34405
242	22.97074	0.25578
243	22.63015	0.10028
244	22.36811	0.33000
245	23.74990	0.31701
246	23.52405	0.73747
247	19.78196	0.11633
248	18.66482	0.17306
249	22.19026	0.20710
250	23.54721	0.19699
252	26.44431	0.38544
253	25.17381	0.69489
254	21.95626	0.08409
256	19.19141	0.67411
257	22.49040	0.36152
258	18.89805	0.28990
259	23.35806	0.14057
260	22.62590	0.23912
261	20.36331	0.25345
262	20.45103	0.25487
263	20.89015	0.35218
264	26.87599	0.10888
265	24.63724	0.43439
266	19.07881	0.14392
267	20.88650	0.15230
268	21.55017	0.18506
269	19.61413	0.21167
271	22.61556	0.27871
272	21.78458	0.16696
273	19.35053	0.21517
274	22.15286	0.09004
275	21.00307	0.18083
276	22.56187	0.07848
277	22.66694	0.22716
278	19.38438	0.19259
279	20.85309	0.14296
280	22.06920	0.31655
