0.839
1.000
0.970
0.958
0.966
0.959
0.933
0.939
0.920
0.905
0.907
0.896
0.891
0.834
0.922
0.854
0.756
0.922
0.981
0.874
1.000
1.000
0.971
0.891
0.753
0.944
1.000
0.983
0.922
0.992
0.901
0.895
0.874
0.966
0.893
0.943
0.968
1.000
1.000
1.000
0.987
0.960
0.961
0.906
0.919
0.960
0.861
0.921
0.938
0.814
0.866
0.983
0.893
0.847
0.850
0.887
0.876
0.940
0.938
0.976
0.881
0.910
0.913
0.794
1.000
0.966
0.846
0.869
0.896
0.767
0.939
0.858
0.901
0.934
0.912
0.932
0.930
1.000
0.755
0.874
0.930
0.888
0.979
0.942
0.917
0.682
0.913
0.923
0.900
0.986
0.898
0.986
1.000
0.893
0.902
0.956
0.930
0.908
0.937
0.905
0.891
0.942
0.958
0.942
1.000
0.944
0.948
0.871
0.935
0.836
0.900
0.959
0.970
0.946
0.955
0.976
0.895
0.865
0.989
0.991
0.933
0.931
0.876
0.923
0.875
0.955
0.963
0.965
0.961
1.000
0.942
0.922
0.933
0.985
1.000
0.938
0.841
0.970
0.872
0.878
0.949
0.953
0.978
0.950
0.973
0.864
0.842
0.959
0.840
0.849
0.670
0.921
0.838
0.946
0.947
0.940
0.927
0.886
0.961
0.927
0.934
0.934
0.890
0.952
0.917
1.000
1.000
0.937
1.000
1.000
0.912
0.934
1.000
0.825
0.893
0.855
0.807
0.964
0.807
0.945
0.945
0.871
0.958
0.914
1.000
1.000
0.777
0.984
0.881
1.000
0.957
0.972
1.000
0.981
0.809
0.943
0.972
0.822
0.863
0.871
0.863
1.000
0.904
0.930
0.868
0.912
0.903
0.899
0.967
1.000
0.861
0.902
0.982
0.877
1.000
1.000
0.871
1.000
0.957
0.949
0.926
0.882
0.936
0.950
0.967
0.895
0.957
1.000
1.000
0.966
1.000
0.778
