0.016
0.004
0.005
0.004
0.006
0.004
0.004
0.004
0.004
0.006
0.005
0.005
0.009
0.008
0.003
0.012
0.014
0.004
0.004
0.006
0.005
0.003
0.008
0.007
0.006
0.005
0.003
0.013
0.005
0.003
0.008
0.008
0.009
0.004
0.008
0.009
0.006
0.006
0.006
0.005
0.007
0.009
0.008
0.009
0.008
0.005
0.006
0.007
0.007
0.005
0.008
0.003
0.003
0.005
0.008
0.007
0.008
0.005
0.009
0.009
0.007
0.004
0.007
0.014
0.008
0.004
0.006
0.009
0.007
0.006
0.007
0.011
0.006
0.006
0.004
0.008
0.008
0.003
0.003
0.007
0.007
0.009
0.008
0.008
0.008
0.005
0.007
0.005
0.007
0.009
0.006
0.009
0.006
0.004
0.006
0.005
0.007
0.006
0.008
0.006
0.011
0.009
0.005
0.006
0.004
0.004
0.006
0.008
0.004
0.011
0.007
0.008
0.005
0.004
0.007
0.004
0.014
0.015
0.008
0.007
0.010
0.024
0.014
0.004
0.006
0.006
0.005
0.004
0.005
0.006
0.003
0.009
0.003
0.010
0.007
0.006
0.006
0.008
0.007
0.005
0.006
0.007
0.005
0.007
0.004
0.005
0.008
0.008
0.003
0.006
0.008
0.007
0.005
0.005
0.006
0.006
0.005
0.005
0.003
0.004
0.008
0.012
0.004
0.004
0.016
0.012
0.002
0.008
0.008
0.020
0.008
0.010
0.005
0.007
0.006
0.013
0.011
0.011
0.006
0.012
0.007
0.010
0.006
0.003
0.020
0.009
0.016
0.003
0.004
0.005
0.004
0.010
0.008
0.008
0.009
0.008
0.013
0.005
0.014
0.005
0.008
0.009
0.009
0.006
0.008
0.007
0.006
0.005
0.007
0.007
0.004
0.009
0.003
0.002
0.010
0.002
0.004
0.007
0.007
0.009
0.006
0.007
0.006
0.011
0.005
0.003
0.004
0.003
0.002
0.010
0.010
0.020
