Res	Model	S2	S2err	S2f	S2ferr	S2s	S2serr	te		teerr		Rex	Rexerr	SSE
28	5	0.839	0.016	0.924	0.013	0.908	0.008	9.8446e+02	1.2182e+02			0.000
29	3	1.000	0.004			1.000	0.004					0.000	0.129	4.288
30	2	0.970	0.005			0.970	0.005	1.0139e+03	2.9884e+02			0.106
31	4	0.958	0.004			0.958	0.004	1.5790e+02	3.1473e+01	1.871	0.166	0.000
32	2	0.966	0.006			0.966	0.006	5.9739e+01	1.7450e+01			1.053
33	1	0.959	0.004			0.959	0.004							18.160
34	1	0.933	0.004			0.933	0.004							0.498
35	1	0.939	0.004			0.939	0.004							47.310
36	1	0.920	0.004			0.920	0.004							27.620
37	4	0.905	0.006			0.905	0.006	3.0702e+01	4.7700e+00	2.801	0.253	0.000
38	4	0.907	0.005			0.907	0.005	3.2288e+01	3.5820e+00	1.636	0.220	0.000
39	2	0.896	0.005			0.896	0.005	2.2222e+01	4.0420e+00			1.567
40	4	0.891	0.009			0.891	0.009	1.4939e+01	5.3720e+00	2.194	0.245	0.000
41	5	0.834	0.008	0.877	0.005	0.952	0.008	1.3201e+03	1.1956e+03			0.000
42	1	0.922	0.003			0.922	0.003							37.300
43														0.000
44	1	0.854	0.012			0.854	0.012							18.720
45	5	0.756	0.014	0.818	0.011	0.925	0.007	1.0318e+03	1.6444e+02			0.000
46	5	0.922	0.004	0.956	0.005	0.965	0.004	6.5066e+02	1.2619e+02			0.000
47	2	0.981	0.004			0.981	0.004	4.1573e+02	1.2311e+02			0.058
48	5	0.874	0.006	0.925	0.006	0.945	0.005	8.0784e+02	1.1926e+02			0.000
49	1	1.000	0.005			1.000	0.005							3.561
50	1	1.000	0.003			1.000	0.003							29.420
51	1	0.971	0.008			0.971	0.008							13.400
52	4	0.891	0.007			0.891	0.007	4.6321e+02	3.0829e+01	1.054	0.285	0.000
53	5	0.753	0.006	0.890	0.006	0.845	0.005	1.1570e+03	8.2168e+01			0.000
54	2	0.944	0.005			0.944	0.005	1.1012e+03	1.8245e+02			1.210
55	3	1.000	0.003			1.000	0.003					0.000	0.148	4.503
56														0.000
57	1	0.983	0.013			0.983	0.013							10.350
58	1	0.922	0.005			0.922	0.005							13.190
59	1	0.992	0.003			0.992	0.003							20.040
60	1	0.901	0.008			0.901	0.008							44.310
61	1	0.895	0.008			0.895	0.008							29.340
63	4	0.874	0.009			0.874	0.009	2.5652e+01	4.6540e+00	3.619	0.291	0.000
64	1	0.966	0.004			0.966	0.004							26.630
65	4	0.893	0.008			0.893	0.008	4.0115e+01	4.4500e+00	1.255	0.286	0.000
66	1	0.943	0.009			0.943	0.009							1.629
68	2	0.968	0.006			0.968	0.006	4.4507e+02	1.3203e+02			0.737
69	1	1.000	0.006			1.000	0.006							6.650
71	3	1.000	0.006			1.000	0.006					0.000	0.179	0.207
72	1	1.000	0.005			1.000	0.005							10.260
73	1	0.987	0.007			0.987	0.007							25.140
74	3	0.960	0.009			0.960	0.009					1.836	0.433	2.327
75	1	0.961	0.008			0.961	0.008							11.070
76	3	0.906	0.009			0.906	0.009					3.587	0.642	0.680
78	4	0.919	0.008			0.919	0.008	3.1203e+01	5.6550e+00	4.348	0.229	0.000
79	3	0.960	0.005			0.960	0.005					1.184	0.161	0.265
80	4	0.861	0.006			0.861	0.006	2.3213e+01	2.7600e+00	0.508	0.221	0.000
81	1	0.921	0.007			0.921	0.007							2.215
82	4	0.938	0.007			0.938	0.007	2.3935e+01	7.6400e+00	2.067	0.211	0.000
83	5	0.814	0.005	0.865	0.005	0.942	0.004	9.3946e+02	1.4327e+02			0.000
84	4	0.866	0.008			0.866	0.008	1.8383e+01	3.3770e+00	3.279	0.444	0.000
85	1	0.983	0.003			0.983	0.003							24.780
86	1	0.893	0.003			0.893	0.003							7.606
87	4	0.847	0.005			0.847	0.005	1.7242e+01	2.1120e+00	3.534	0.262	0.000
88	4	0.850	0.008			0.850	0.008	3.1172e+01	3.5940e+00	2.872	0.336	0.000
89														0.000
90	1	0.887	0.007			0.887	0.007							45.590
91	2	0.876	0.008			0.876	0.008	2.3642e+01	3.9530e+00			2.936
92	2	0.940	0.005			0.940	0.005	7.2708e+02	7.4336e+01			2.870
93														0.000
94	4	0.938	0.009			0.938	0.009	5.4189e+01	1.1077e+01	2.383	0.331	0.000
95	1	0.976	0.009			0.976	0.009							43.150
96	4	0.881	0.007			0.881	0.007	2.9057e+01	3.7460e+00	1.522	0.225	0.000
97	2	0.910	0.004			0.910	0.004	2.5788e+01	4.6380e+00			2.415
98	2	0.913	0.007			0.913	0.007	3.8284e+01	5.4740e+00			0.223
99	5	0.794	0.014	0.879	0.012	0.904	0.007	9.3837e+02	9.7676e+01			0.000
100	1	1.000	0.008			1.000	0.008							12.670
101	1	0.966	0.004			0.966	0.004							36.930
102	4	0.846	0.006			0.846	0.006	2.5607e+01	2.2080e+00	3.920	0.236	0.000
103	1	0.869	0.009			0.869	0.009							44.140
105	2	0.896	0.007			0.896	0.007	3.5772e+01	5.8770e+00			1.218
106	5	0.767	0.006	0.815	0.005	0.941	0.004	5.1882e+02	4.5649e+01			0.000
108	1	0.939	0.007			0.939	0.007							17.970
109	2	0.858	0.011			0.858	0.011	1.7993e+01	4.1580e+00			0.511
110	4	0.901	0.006			0.901	0.006	2.6281e+01	3.9080e+00	4.407	0.180	0.000
111	3	0.934	0.006			0.934	0.006					1.619	0.182	0.891
112	2	0.912	0.004			0.912	0.004	2.0879e+01	5.1210e+00			0.323
113	5	0.932	0.008	0.975	0.006	0.956	0.004	8.8245e+02	1.3208e+02			0.000
114	2	0.930	0.008			0.930	0.008	5.9219e+02	7.0578e+01			0.141
115	1	1.000	0.003			1.000	0.003							13.350
116	5	0.755	0.003	0.879	0.004	0.859	0.003	1.0395e+03	4.5856e+01			0.000
117	5	0.874	0.007	0.912	0.006	0.958	0.004	6.1856e+02	8.9966e+01			0.000
118	2	0.930	0.007			0.930	0.007	3.5757e+01	8.3710e+00			0.181
119	2	0.888	0.009			0.888	0.009	2.4926e+01	4.5610e+00			0.789
120	3	0.979	0.008			0.979	0.008					0.864	0.244	0.617
121	1	0.942	0.008			0.942	0.008							14.380
122	3	0.917	0.008			0.917	0.008					0.721	0.260	1.374
124	5	0.682	0.005	0.767	0.005	0.889	0.004	1.1518e+03	1.0213e+02			0.000
125	4	0.913	0.007			0.913	0.007	3.7576e+01	4.5040e+00	4.361	0.213	0.000
126	3	0.923	0.005			0.923	0.005					1.366	0.295	0.126
127	2	0.900	0.007			0.900	0.007	1.6278e+01	4.7240e+00			1.438
128	3	0.986	0.009			0.986	0.009					5.383	0.556	0.976
129	1	0.898	0.006			0.898	0.006							19.780
131	3	0.986	0.009			0.986	0.009					1.633	0.403	0.587
132	1	1.000	0.006			1.000	0.006							10.660
134	5	0.893	0.004	0.929	0.005	0.961	0.004	7.4685e+02	1.4678e+02			0.000
135	4	0.902	0.006			0.902	0.006	3.1936e+01	3.6840e+00	1.982	0.255	0.000
136	1	0.956	0.005			0.956	0.005							43.420
137	1	0.930	0.007			0.930	0.007							24.190
138	1	0.908	0.006			0.908	0.006							10.760
139	3	0.937	0.008			0.937	0.008					1.178	0.228	1.395
140	4	0.905	0.006			0.905	0.006	3.7405e+01	4.5520e+00	0.581	0.261	0.000
141	5	0.891	0.011	0.933	0.008	0.955	0.006	1.1930e+03	8.4602e+02			0.000
142	4	0.942	0.009			0.942	0.009	3.9942e+01	9.4340e+00	3.122	0.368	0.000
143	2	0.958	0.005			0.958	0.005	7.5360e+01	1.4683e+01			0.323
144	2	0.942	0.006			0.942	0.006	6.5446e+01	9.9080e+00			0.018
146	1	1.000	0.004			1.000	0.004							9.081
147	1	0.944	0.004			0.944	0.004							2.139
148	2	0.948	0.006			0.948	0.006	4.2006e+01	1.0395e+01			1.228
149	4	0.871	0.008			0.871	0.008	1.4302e+01	3.3230e+00	3.568	0.231	0.000
150	1	0.935	0.004			0.935	0.004							22.930
151	5	0.836	0.011	0.868	0.009	0.963	0.006	7.2602e+02	1.6209e+02			0.000
152	4	0.900	0.007			0.900	0.007	3.3316e+01	3.7880e+00	2.322	0.359	0.000
153	4	0.959	0.008			0.959	0.008	4.8812e+01	1.3145e+01	3.338	0.314	0.000
154	2	0.970	0.005			0.970	0.005	1.0115e+02	2.7188e+01			1.041
155	1	0.946	0.004			0.946	0.004							23.690
156	4	0.955	0.007			0.955	0.007	7.7119e+01	1.6455e+01	2.128	0.248	0.000
157	2	0.976	0.004			0.976	0.004	2.0650e+02	7.0750e+01			0.001
158	5	0.895	0.014	0.963	0.012	0.929	0.007	1.0007e+03	1.8451e+02			0.000
159	5	0.865	0.015	0.919	0.012	0.941	0.007	1.0297e+03	2.7472e+02			0.000
160	1	0.989	0.008			0.989	0.008							4.077
161	1	0.991	0.007			0.991	0.007							20.840
162	1	0.933	0.010			0.933	0.010							3.547
163	1	0.931	0.024			0.931	0.024							7.656
164	3	0.876	0.014			0.876	0.014					2.134	0.343	1.631
165	1	0.923	0.004			0.923	0.004							5.112
168	5	0.875	0.006	0.927	0.006	0.945	0.004	8.9541e+02	1.4393e+02			0.000
169	4	0.955	0.009			0.955	0.009	7.5314e+01	2.2138e+01	8.910	0.352	0.000
170	2	0.963	0.003			0.963	0.003	4.3122e+02	3.9200e+01			1.389
171	2	0.965	0.006			0.965	0.006	7.9506e+01	2.0937e+01			2.206
172	2	0.961	0.005			0.961	0.005	7.8441e+02	1.5322e+02			0.683
173	1	1.000	0.004			1.000	0.004							39.680
175	2	0.942	0.005			0.942	0.005	3.0833e+02	6.0845e+01			0.053
176														0.000
177	4	0.922	0.006			0.922	0.006	8.1136e+02	5.9800e+01	1.703	0.236	0.000
178	2	0.933	0.003			0.933	0.003	8.5598e+02	6.4890e+01			2.453
179	1	0.985	0.009			0.985	0.009							5.583
180	1	1.000	0.003			1.000	0.003							8.234
181	4	0.938	0.010			0.938	0.010	8.6393e+01	2.0040e+01	1.191	0.366	0.000
182	4	0.841	0.007			0.841	0.007	1.5099e+01	2.8430e+00	1.744	0.170	0.000
184	1	0.970	0.006			0.970	0.006							16.860
185	4	0.872	0.006			0.872	0.006	2.5855e+01	3.2120e+00	1.051	0.188	0.000
186	4	0.878	0.008			0.878	0.008	2.1299e+01	4.3630e+00	3.426	0.332	0.000
187	4	0.949	0.007			0.949	0.007	3.8797e+01	8.6300e+00	2.142	0.246	0.000
188	1	0.953	0.005			0.953	0.005							29.190
189	1	0.978	0.006			0.978	0.006							19.380
190	2	0.950	0.007			0.950	0.007	9.5403e+01	1.7392e+01			0.832
191	1	0.973	0.005			0.973	0.005							8.951
192														0.000
193	4	0.864	0.007			0.864	0.007	2.2791e+01	3.1800e+00	3.674	0.334	0.000
194	5	0.842	0.004	0.882	0.005	0.954	0.004	7.0677e+02	1.1558e+02			0.000
195	2	0.959	0.005			0.959	0.005	4.2920e+02	7.3348e+01			2.245
196	5	0.840	0.008	0.945	0.006	0.888	0.004	1.5121e+03	1.5140e+02			0.000
197	5	0.849	0.008	0.946	0.007	0.897	0.005	5.4544e+02	3.4692e+01			0.000
198	5	0.670	0.003	0.833	0.002	0.804	0.002	5.0159e+02	5.4190e+00			0.000
199	4	0.921	0.006			0.921	0.006	5.7301e+01	5.8300e+00	1.306	0.201	0.000
200	5	0.838	0.008	0.887	0.007	0.945	0.005	5.1895e+02	4.9896e+01			0.000
201	2	0.946	0.007			0.946	0.007	6.1131e+01	1.1238e+01			1.396
202														0.000
203	1	0.947	0.005			0.947	0.005							10.100
204	2	0.940	0.005			0.940	0.005	2.5443e+01	5.2400e+00			1.235
205	4	0.927	0.006			0.927	0.006	2.5107e+01	6.2310e+00	2.578	0.291	0.000
206	4	0.886	0.006			0.886	0.006	1.6194e+01	3.0110e+00	2.130	0.269	0.000
207	1	0.961	0.005			0.961	0.005							9.212
208	3	0.927	0.005			0.927	0.005					1.491	0.143	3.634
209	2	0.934	0.003			0.934	0.003	4.4359e+01	6.8970e+00			2.024
210	1	0.934	0.004			0.934	0.004							0.577
211	3	0.890	0.008			0.890	0.008					3.063	0.494	0.541
212	4	0.952	0.012			0.952	0.012	6.0801e+01	2.4993e+01	4.341	0.542	0.000
213	3	0.917	0.004			0.917	0.004					2.097	0.269	0.324
214	1	1.000	0.004			1.000	0.004							43.600
215	1	1.000	0.016			1.000	0.016							14.330
216	4	0.937	0.012			0.937	0.012	1.3596e+02	5.1938e+01	7.397	1.054	0.000
217	1	1.000	0.002			1.000	0.002							27.660
218	1	1.000	0.008			1.000	0.008							0.464
220	4	0.912	0.008			0.912	0.008	9.0458e+01	1.1367e+01	23.207	0.470	0.000
221	1	0.934	0.020			0.934	0.020							43.000
222	1	1.000	0.008			1.000	0.008							13.470
223	5	0.825	0.010	0.905	0.008	0.912	0.005	9.4199e+02	6.4917e+01			0.000
224	2	0.893	0.005			0.893	0.005	5.6520e+01	4.5440e+00			2.629
225	4	0.855	0.007			0.855	0.007	1.9733e+01	3.2630e+00	2.385	0.193	0.000
227	5	0.807	0.006	0.853	0.005	0.946	0.003	6.7509e+02	6.4784e+01			0.000
228	1	0.964	0.013			0.964	0.013							44.200
229	5	0.807	0.011	0.894	0.008	0.903	0.005	7.7238e+02	4.6273e+01			0.000
230	1	0.945	0.011			0.945	0.011							43.200
231	3	0.945	0.006			0.945	0.006					0.651	0.243	0.262
232	2	0.871	0.012			0.871	0.012	1.9214e+01	5.9110e+00			0.061
233	2	0.958	0.007			0.958	0.007	5.1358e+01	1.5143e+01			0.573
234	1	0.914	0.010			0.914	0.010							5.291
236	3	1.000	0.006			1.000	0.006					0.000	0.258	0.794
238	1	1.000	0.003			1.000	0.003							49.320
239	5	0.777	0.020	0.883	0.015	0.880	0.009	7.2241e+02	6.2209e+01			0.000
240	1	0.984	0.009			0.984	0.009							13.240
241	5	0.881	0.016	0.944	0.012	0.933	0.007	8.6402e+02	1.2681e+02			0.000
242	1	1.000	0.003			1.000	0.003							6.068
243	4	0.957	0.004			0.957	0.004	7.2949e+02	7.9342e+01	0.958	0.133	0.000
244	2	0.972	0.005			0.972	0.005	3.3474e+02	1.0928e+02			0.346
245	1	1.000	0.004			1.000	0.004							7.524
246	1	0.981	0.010			0.981	0.010							4.048
247														0.000
248	5	0.809	0.008	0.853	0.007	0.949	0.006	6.3344e+02	1.0104e+02			0.000
249	3	0.943	0.008			0.943	0.008					0.898	0.270	0.075
250	3	0.972	0.009			0.972	0.009					2.019	0.283	1.057
252	4	0.822	0.008			0.822	0.008	2.2795e+01	2.8060e+00	8.609	0.432	0.000
253	4	0.863	0.013			0.863	0.013	2.1973e+01	5.5550e+00	6.311	0.741	0.000
254	4	0.871	0.005			0.871	0.005	2.9340e+01	2.8700e+00	2.011	0.138	0.000
256	2	0.863	0.014			0.863	0.014	2.0475e+01	5.4750e+00			0.494
257	1	1.000	0.005			1.000	0.005							1.752
258	1	0.904	0.008			0.904	0.008							48.180
259	3	0.930	0.009			0.930	0.009					2.063	0.248	3.292
260	4	0.868	0.009			0.868	0.009	2.8638e+01	3.8730e+00	2.561	0.312	0.000
261	1	0.912	0.006			0.912	0.006							25.720
262	2	0.903	0.008			0.903	0.008	3.5719e+01	6.3580e+00			2.988
263	2	0.899	0.007			0.899	0.007	3.2962e+01	4.8600e+00			0.223
264	4	0.967	0.006			0.967	0.006	1.1243e+02	4.1689e+01	4.503	0.187	0.000
265	1	1.000	0.005			1.000	0.005							14.440
266	5	0.861	0.007	0.938	0.006	0.918	0.004	1.0061e+03	1.0955e+02			0.000
267	5	0.902	0.007	0.959	0.007	0.941	0.006	7.2430e+02	1.2045e+02			0.000
268	2	0.982	0.004			0.982	0.004	3.1581e+02	1.1759e+02			0.239
269	5	0.877	0.009	0.936	0.007	0.937	0.005	5.5074e+02	5.6106e+01			0.000
271	1	1.000	0.003			1.000	0.003							16.190
272	1	1.000	0.002			1.000	0.002							38.590
273	5	0.871	0.010	0.915	0.008	0.951	0.005	9.5024e+02	1.9027e+02			0.000
274	1	1.000	0.002			1.000	0.002							43.910
275	1	0.957	0.004			0.957	0.004							37.230
276	3	0.949	0.007			0.949	0.007					1.876	0.170	0.752
277	4	0.926	0.007			0.926	0.007	4.7160e+01	7.0040e+00	2.023	0.278	0.000
278	5	0.882	0.009	0.948	0.008	0.930	0.006	9.0561e+02	1.5000e+02			0.000
279	3	0.936	0.006			0.936	0.006					0.606	0.191	0.066
280	1	0.950	0.007			0.950	0.007							41.940
281	1	0.967	0.006			0.967	0.006							29.410
282	5	0.895	0.011	0.929	0.008	0.963	0.005	7.9773e+02	1.5533e+02			0.000
283	4	0.957	0.005			0.957	0.005	6.4657e+01	1.1174e+01	2.635	0.146	0.000
284	1	1.000	0.003			1.000	0.003							48.780
285	1	1.000	0.004			1.000	0.004							6.456
286	1	0.966	0.003			0.966	0.003							45.560
287	1	1.000	0.002			1.000	0.002							3.147
288	5	0.778	0.010	0.874	0.009	0.891	0.006	1.5673e+03	3.7400e+02			0.000
